-6.2945
-8.1158
 7.4603
-8.2675
-2.6472
 8.0492
 4.4300
-0.9376
-9.1501
-9.2978
 6.8477
-9.4119
-9.1433
 0.2925
-6.0056
 7.1623
 1.5648
-8.3147
-5.8441
-9.1898
-3.1148
 9.2858
-6.9826
-8.6799
-3.5747
-5.1548
-4.8626
 2.1555
-3.1096
 6.5763
-4.1209
 9.3633
 4.4615
 9.0766
 8.0574
-6.4692
-3.8966
 3.6580
-9.0044
 9.3111
 1.2251
 2.3688
-5.3103
-5.9040
 6.2625
 0.2047
 1.0883
-2.9263
-4.1873
-5.0937
 4.4795
-3.5941
-3.1020
 6.7478
 7.6200
 0.0327
-9.1949
 3.1923
-1.7054
 5.5238
-5.0253
 4.8981
-0.1191
-3.9815
-7.8181
-9.1858
-0.9443
 7.2275
 7.0141
 4.8498
-6.8143
 4.9144
-6.2857
 5.1295
-8.5853
 3.0003