  -9.99984741    
  -7.36924648    
   5.11210442    
 -0.826997757    
  0.655341148    
  -5.62081814    
  -9.05910969    
   3.57728958    
   3.58592510    
   8.69385719    
  -2.32995987    
  0.388326645    
   6.61930466    
  -9.30856228    
  -8.93076897    
  0.594000816    
   3.42298508    
  -9.84603882    
  -2.33169079    
  -8.66315842    
  -1.65028095    
   3.73545170    
   1.77953243    
   8.60872650    
   6.92333603    
  0.538573265    
  -8.16070557    
   3.07837486    
  -1.68001652    
   4.02380943    
   8.20641518    
   5.24395943    
  -4.75094318    
  -9.05071259    
   4.72163677    
  -3.43531609    
